Solving elliptic equation with source term P0, Q0
0 4.875954900521153e-07 5.32796231251432e-09
100 0.0006968138440244057 0.00024209783490445016
200 0.0005908639671415591 0.00024368587983632822
300 0.0005285062504436089 0.00024267130729083836
400 0.0004840078801095179 0.00023997275754302866
500 0.00044934778608396973 0.00023621745979858334
600 0.0004209168430110498 0.00023177015312063543
700 0.00039677566105074396 0.00022685151425471794
800 0.00037576466696366486 0.00022160291010777487
900 0.000357137321466558 0.0002161205580068925

